4.753361338559278226e-02 9.054527076317147039e-01 4.701367898269225715e-02
5.613932622978946158e-02 8.893364273007662302e-01 5.452424646944413478e-02
4.901127442550462510e-02 4.621135747905868313e-02 9.047773680954365183e-01
5.219563753414274004e-02 8.964684756360581375e-01 5.133588682979879636e-02
4.596417021516242124e-02 9.078827961288762349e-01 4.615303365596080259e-02
5.320896395128013601e-02 8.951693021462009403e-01 5.162173390251882654e-02
9.007655841940941377e-01 4.892768986631760436e-02 5.030672593958827182e-02
4.474450878816832455e-02 9.121461038294027546e-01 4.310938738242863638e-02
5.086615920439604976e-02 8.961834255004137439e-01 5.295041529519040752e-02
4.699837248398153894e-02 4.779011671192767707e-02 9.052115108040912350e-01
8.991523450836222953e-01 5.194473564114423375e-02 4.890291927523296445e-02
8.975187378534118521e-01 5.245597276924925112e-02 5.002528937733877190e-02
9.021267046773187026e-01 5.092809144076160949e-02 4.694520388192015975e-02
5.046502408340566154e-02 4.791671053315388340e-02 9.016182653834409200e-01
4.872088651439065304e-02 4.634814377718395745e-02 9.049309697084253479e-01
9.039457451808925459e-01 4.733867036567383779e-02 4.871558445343353305e-02
4.780713180580496713e-02 4.944404353833494609e-02 9.027488246558600382e-01
4.797379355410949509e-02 4.900384909351273438e-02 9.030223573523774583e-01
5.304044599054977965e-02 8.930319306454929107e-01 5.392762336395745537e-02
5.222557327461208737e-02 8.960122963824044273e-01 5.176213034298297183e-02
8.971438433483777120e-01 4.952684872132435273e-02 5.332930793029802552e-02
8.942982070797141914e-01 5.517358738378035088e-02 5.052820553650550633e-02
4.979882968354466810e-02 9.052032294705404381e-01 4.499794084591490079e-02
9.036262528541660899e-01 4.766555015867537243e-02 4.870819698715894014e-02
8.946937481563631556e-01 5.557665145671593365e-02 4.972960038692103568e-02
9.038710694308248472e-01 4.678398191779317705e-02 4.934494865138206593e-02
8.957250162944425664e-01 5.401789760248399547e-02 5.025708610307307034e-02
4.986368646413683048e-02 9.044815812858506554e-01 4.565473225001204227e-02
4.605176914799560123e-02 9.078482011259454421e-01 4.610002972605894977e-02
4.658238984006499855e-02 4.999636418606837746e-02 9.034212459738664158e-01
4.762576077202232416e-02 8.996902864335649674e-01 5.268395279441304840e-02
5.027155611759499820e-02 8.944062295258586870e-01 5.532221435654653685e-02
4.574129649724276159e-02 9.086491254935059603e-01 4.560957800925114630e-02
4.726715392332851012e-02 9.064444118336050238e-01 4.628843424306690324e-02
5.008668982737735781e-02 9.001900870749923733e-01 4.972322309763045622e-02
9.022143996879785632e-01 4.927117374518634463e-02 4.851442656683501581e-02
5.108025806000128510e-02 5.076631163476540837e-02 8.981534303052339796e-01
5.043436693360745654e-02 5.129228512762532000e-02 8.982733479387673414e-01
4.898607311016341115e-02 4.959742977529824765e-02 9.014164971145386396e-01
4.608982676808067586e-02 4.594956979893240201e-02 9.079606034329870123e-01
8.971663462488297380e-01 5.083223226806686534e-02 5.200142148310340356e-02
9.016500603802355407e-01 4.986523395983102902e-02 4.848470565993369397e-02
8.987965745519383987e-01 5.485870618879502836e-02 4.634471925926693381e-02
9.034523415940094448e-01 4.661702309478932965e-02 4.993063531120080917e-02
5.065113630063541872e-02 5.038241346307101298e-02 8.989664502362932907e-01
4.851701620513174107e-02 8.984144967912093271e-01 5.306848700365920241e-02
4.831681567349756928e-02 5.080644895377928877e-02 9.008767353727232807e-01
4.605730882189679881e-02 9.055654908662361668e-01 4.837720031186686087e-02
5.320691963717690681e-02 5.383166499539968064e-02 8.929614153674233501e-01
5.503911638343333967e-02 5.503392935329659563e-02 8.899269542632701757e-01
9.009860838380765458e-01 4.828038392555445563e-02 5.073353223636917902e-02
9.016251503079892871e-01 4.694681938673191113e-02 5.142803030527906549e-02
4.889436919192667597e-02 5.039872875243577022e-02 9.007069020556376371e-01
5.097437876839167742e-02 9.000332080629358522e-01 4.899241316867234547e-02
5.334652204167953521e-02 5.084071129315904242e-02 8.958127666651614085e-01
5.467958010200558300e-02 8.960139605441506117e-01 4.930645935384374290e-02
9.058937562620499317e-01 4.756992566186749039e-02 4.653631807608259868e-02
4.778848188914811695e-02 9.029390392702193457e-01 4.927247884063237077e-02
5.007979517335083702e-02 4.930047356846788825e-02 9.006197312581811776e-01
8.912735347024800525e-01 5.482381322233959714e-02 5.390265207518016299e-02
9.009008973223608940e-01 5.025668414119646016e-02 4.884241853644235437e-02
9.064602033711175455e-01 4.622882660351813888e-02 4.731097002536433643e-02
5.045254476151161266e-02 5.210311532519416866e-02 8.974443399132941979e-01
5.053019512322166201e-02 5.225900960250361854e-02 8.972107952742749415e-01
9.029900671100477005e-01 4.873037069888991324e-02 4.827956219106237234e-02
9.000766549503737002e-01 4.947225036504899337e-02 5.045109468457728563e-02
8.984161178182916707e-01 5.101337503279099878e-02 5.057050714891733745e-02
9.068266215834074329e-01 4.546504337678075602e-02 4.770833503981192214e-02
5.460553245261378502e-02 5.045551817785989823e-02 8.949389493695266706e-01
8.977671756658631708e-01 5.254089156717563908e-02 4.969193276696103057e-02
5.103903659642634871e-02 9.004169861234322392e-01 4.854397728014173130e-02
4.602164885515841464e-02 9.062385001449938526e-01 4.773985099984755232e-02
8.986391221972361842e-01 4.838999598125875296e-02 5.297088182150500729e-02
4.637114861547662198e-02 4.580849825729410574e-02 9.078203531272294180e-01
9.019065944705184634e-01 4.727286141847065332e-02 5.082054411101084856e-02
5.151731089040975653e-02 8.970810162565766577e-01 5.140167285301358580e-02
8.972204333408990706e-01 5.195516724547108445e-02 5.082439941362999064e-02
4.551407559382924378e-02 9.058328203350827224e-01 4.865310407108827673e-02
9.004155654016497978e-01 4.998588273313455538e-02 4.959855186521597292e-02
9.065010505663102514e-01 4.530634513649655498e-02 4.819260429719335326e-02
5.122319022648371550e-02 4.879587509298909803e-02 8.999809346805268673e-01
4.825255260122398443e-02 4.875698269124320583e-02 9.029904647075328583e-01
9.031411038275506398e-01 4.784767119890726006e-02 4.901122497354183649e-02
4.841635959748070289e-02 5.118981636033849425e-02 9.003938240421807127e-01
8.988577012688020451e-01 5.182586679163558863e-02 4.931643193956256749e-02
5.555170639467905958e-02 8.888780936790839915e-01 5.557019992623705301e-02
4.985820361137367762e-02 4.886352480612272259e-02 9.012782715825037316e-01
5.274364992062006985e-02 8.963669075295633837e-01 5.088944254981665055e-02
8.986016065594523150e-01 5.018667886673131018e-02 5.121171457381601400e-02
4.733206147769591920e-02 4.875029698423241631e-02 9.039176415380714147e-01
8.968503021762737060e-01 4.927594230703368633e-02 5.387375551669221913e-02
8.928209031645978344e-01 5.230405031457317777e-02 5.487504652082884904e-02
5.214265737905569853e-02 4.996599651107282852e-02 8.978913461098712023e-01
9.034743566531621140e-01 4.829725843514127981e-02 4.822838491169671032e-02
9.096839823875189079e-01 4.526324881980126752e-02 4.505276879268003271e-02
8.983231823471667932e-01 4.979109779446305034e-02 5.188571985837030914e-02
8.974001898335900451e-01 5.275524178422750371e-02 4.984456838218246505e-02
4.796912777445878906e-02 9.044632879712214413e-01 4.756758425432001253e-02
8.990932143811253274e-01 5.057088738625577229e-02 5.033589823261919172e-02
5.218225829812635219e-02 8.929162283111051757e-01 5.490151339076833337e-02
